-3.14159265359 -3.84734138744e-16
-3.08879277706 -0.162784939028
-3.03599290053 -0.318222003627
-2.983193024 -0.464672136032
-2.93039314747 -0.60065702643
-2.87759327094 -0.724873875015
-2.8247933944 -0.836207542289
-2.77199351787 -0.933739978604
-2.71919364134 -1.01675686123
-2.66639376481 -1.08475140502
-2.61359388828 -1.13742535042
-2.56079401175 -1.17468716977
-2.50799413522 -1.19664756872
-2.45519425869 -1.20361239455
-2.40239438216 -1.19607309563
-2.34959450563 -1.17469490644
-2.2967946291 -1.14030296076
-2.24399475256 -1.09386655953
-2.19119487603 -1.03648184179
-2.1383949995 -0.969353124294
-2.08559512297 -0.893773189729
-2.03279524644 -0.811102813096
-1.97999536991 -0.722749822112
-1.92719549338 -0.63014798924
-1.87439561685 -0.534736050959
-1.82159574032 -0.437937143792
-1.76879586379 -0.341138936723
-1.71599598725 -0.245674726052
-1.66319611072 -0.15280574169
-1.61039623419 -0.063704893646
-1.55759635766 0.0205578356612
-1.50479648113 0.0990281733807
-1.4519966046 0.170878360487
-1.39919672807 0.235415856026
-1.34639685154 0.292089850141
-1.29359697501 0.340495526722
-1.24079709848 0.380376049059
-1.18799722195 0.411622274501
-1.13519734541 0.434270236359
-1.08239746888 0.448496462717
-1.02959759235 0.454611231965
-0.976797715822 0.453049893436
-0.923997839291 0.444362408033
-0.87119796276 0.429201287844
-0.818398086229 0.408308135235
-0.765598209698 0.382499000351
-0.712798333167 0.352648791242
-0.659998456637 0.319674982702
-0.607198580106 0.284520878216
-0.554398703575 0.248138684107
-0.501598827044 0.211472655921
-0.448798950513 0.175442574405
-0.395999073982 0.140927802067
-0.343199197451 0.108752161384
-0.29039932092 0.079669862479
-0.237599444389 0.0543526915466
-0.184799567858 0.0333786519019
-0.131999691327 0.0172222273542
-0.0791998147964 0.00624641312109
-0.0263999382655 0.000696632953091
0.0263999382655 0.000696632953091
0.0791998147964 0.00624641312109
0.131999691327 0.0172222273542
0.184799567858 0.0333786519019
0.237599444389 0.0543526915466
0.29039932092 0.079669862479
0.343199197451 0.108752161384
0.395999073982 0.140927802067
0.448798950513 0.175442574405
0.501598827044 0.211472655921
0.554398703575 0.248138684107
0.607198580106 0.284520878216
0.659998456637 0.319674982702
0.712798333167 0.352648791242
0.765598209698 0.382499000351
0.818398086229 0.408308135235
0.87119796276 0.429201287844
0.923997839291 0.444362408033
0.976797715822 0.453049893436
1.02959759235 0.454611231965
1.08239746888 0.448496462717
1.13519734541 0.434270236359
1.18799722195 0.411622274501
1.24079709848 0.380376049059
1.29359697501 0.340495526722
1.34639685154 0.292089850141
1.39919672807 0.235415856026
1.4519966046 0.170878360487
1.50479648113 0.0990281733807
1.55759635766 0.0205578356612
1.61039623419 -0.063704893646
1.66319611072 -0.15280574169
1.71599598725 -0.245674726052
1.76879586379 -0.341138936723
1.82159574032 -0.437937143792
1.87439561685 -0.534736050959
1.92719549338 -0.63014798924
1.97999536991 -0.722749822112
2.03279524644 -0.811102813096
2.08559512297 -0.893773189729
2.1383949995 -0.969353124294
2.19119487603 -1.03648184179
2.24399475256 -1.09386655953
2.2967946291 -1.14030296076
2.34959450563 -1.17469490644
2.40239438216 -1.19607309563
2.45519425869 -1.20361239455
2.50799413522 -1.19664756872
2.56079401175 -1.17468716977
2.61359388828 -1.13742535042
2.66639376481 -1.08475140502
2.71919364134 -1.01675686123
2.77199351787 -0.933739978604
2.8247933944 -0.836207542289
2.87759327094 -0.724873875015
2.93039314747 -0.60065702643
2.983193024 -0.464672136032
3.03599290053 -0.318222003627
3.08879277706 -0.162784939028
3.14159265359 -3.84734138744e-16
